0
1
1001
1501500.0000 0.0000
159473.6739 1.5739
79737.2297 1.5771
53158.5895 1.5802
39869.4003 1.5834
31895.9915 1.5865
26580.4729 1.5896
22783.7487 1.5928
19936.2711 1.5959
17721.6244 1.5990
15949.9595 1.6022
14500.4631 1.6053
13292.5931 1.6085
12270.5896 1.6116
11394.6240 1.6147
10635.4888 1.6179
9971.2783 1.6210
9385.2410 1.6242
8864.3482 1.6273
8398.3137 1.6304
7978.9090 1.6336
7599.4726 1.6367
7254.5543 1.6398
6939.6517 1.6430
6651.0129 1.6461
6385.4862 1.6493
6140.4048 1.6524
5913.4972 1.6555
5702.8160 1.6587
5506.6827 1.6618
5323.6425 1.6649
5152.4284 1.6681
4991.9316 1.6712
4841.1778 1.6744
4699.3075 1.6775
4565.5591 1.6806
4439.2558 1.6838
4319.7941 1.6869
4206.6336 1.6901
4099.2899 1.6932
3997.3266 1.6963
3900.3500 1.6995
3808.0039 1.7026
3719.9653 1.7057
3635.9406 1.7089
3555.6620 1.7120
3478.8854 1.7152
3405.3872 1.7183
3334.9625 1.7214
3267.4231 1.7246
3202.5959 1.7277
3140.3214 1.7309
3080.4524 1.7340
3022.8526 1.7371
2967.3960 1.7403
2913.9658 1.7434
2862.4533 1.7465
2812.7576 1.7497
2764.7849 1.7528
2718.4474 1.7560
2673.6634 1.7591
2630.3565 1.7622
2588.4554 1.7654
2547.8929 1.7685
2508.6064 1.7717
2470.5371 1.7748
2433.6295 1.7779
2397.8316 1.7811
2363.0946 1.7842
2329.3724 1.7873
2296.6213 1.7905
2264.8004 1.7936
2233.8710 1.7968
2203.7963 1.7999
2174.5419 1.8030
2146.0748 1.8062
2118.3640 1.8093
2091.3800 1.8125
2065.0950 1.8156
2039.4822 1.8187
2014.5167 1.8219
1990.1743 1.8250
1966.4323 1.8281
1943.2690 1.8313
1920.6638 1.8344
1898.5969 1.8376
1877.0496 1.8407
1856.0040 1.8438
1835.4429 1.8470
1815.3501 1.8501
1795.7099 1.8533
1776.5075 1.8564
1757.7285 1.8595
1739.3594 1.8627
1721.3870 1.8658
1703.7988 1.8689
1686.5829 1.8721
1669.7276 1.8752
1653.2221 1.8784
1637.0556 1.8815
1621.2181 1.8846
1605.6997 1.8878
1590.4911 1.8909
1575.5833 1.8941
1560.9676 1.8972
1546.6356 1.9003
1532.5794 1.9035
1518.7912 1.9066
1505.2636 1.9097
1491.9894 1.9129
1478.9617 1.9160
1466.1739 1.9192
1453.6195 1.9223
1441.2924 1.9254
1429.1865 1.9286
1417.2962 1.9317
1405.6158 1.9349
1394.1399 1.9380
1382.8635 1.9411
1371.7814 1.9443
1360.8888 1.9474
1350.1810 1.9505
1339.6535 1.9537
1329.3019 1.9568
1319.1219 1.9600
1309.1095 1.9631
1299.2606 1.9662
1289.5714 1.9694
1280.0382 1.9725
1270.6573 1.9757
1261.4252 1.9788
1252.3386 1.9819
1243.3941 1.9851
1234.5886 1.9882
1225.9188 1.9913
1217.3819 1.9945
1208.9749 1.9976
1200.6950 2.0008
1192.5393 2.0039
1184.5053 2.0070
1176.5904 2.0102
1168.7919 2.0133
1161.1075 2.0165
1153.5348 2.0196
1146.0714 2.0227
1138.7152 2.0259
1131.4638 2.0290
1124.3152 2.0321
1117.2673 2.0353
1110.3181 2.0384
1103.4656 2.0416
1096.7079 2.0447
1090.0432 2.0478
1083.4695 2.0510
1076.9852 2.0541
1070.5886 2.0573
1064.2779 2.0604
1058.0515 2.0635
1051.9079 2.0667
1045.8454 2.0698
1039.8626 2.0729
1033.9580 2.0761
1028.1302 2.0792
1022.3776 2.0824
1016.6991 2.0855
1011.0932 2.0886
1005.5586 2.0918
1000.0941 2.0949
994.6983 2.0981
989.3702 2.1012
984.1086 2.1043
978.9121 2.1075
973.7798 2.1106
968.7106 2.1137
963.7032 2.1169
958.7568 2.1200
953.8702 2.1232
949.0425 2.1263
944.2727 2.1294
939.5598 2.1326
934.9029 2.1357
930.3010 2.1389
925.7533 2.1420
921.2588 2.1451
916.8168 2.1483
912.4263 2.1514
908.0866 2.1545
903.7968 2.1577
899.5562 2.1608
895.3640 2.1640
891.2194 2.1671
887.1217 2.1702
883.0702 2.1734
879.0641 2.1765
875.1028 2.1797
871.1856 2.1828
867.3118 2.1859
863.4808 2.1891
859.6919 2.1922
855.9444 2.1953
852.2379 2.1985
848.5717 2.2016
844.9451 2.2048
841.3577 2.2079
837.8088 2.2110
834.2979 2.2142
830.8245 2.2173
827.3880 2.2205
823.9879 2.2236
820.6236 2.2267
817.2948 2.2299
814.0008 2.2330
810.7412 2.2361
807.5156 2.2393
804.3234 2.2424
801.1642 2.2456
798.0375 2.2487
794.9430 2.2518
791.8801 2.2550
788.8485 2.2581
785.8477 2.2613
782.8774 2.2644
779.9371 2.2675
777.0264 2.2707
774.1449 2.2738
771.2923 2.2769
768.4682 2.2801
765.6722 2.2832
762.9040 2.2864
760.1631 2.2895
757.4494 2.2926
754.7623 2.2958
752.1017 2.2989
749.4670 2.3021
746.8581 2.3052
744.2746 2.3083
741.7162 2.3115
739.1826 2.3146
736.6735 2.3177
734.1885 2.3209
731.7275 2.3240
729.2900 2.3272
726.8759 2.3303
724.4848 2.3334
722.1165 2.3366
719.7706 2.3397
717.4470 2.3429
715.1454 2.3460
712.8655 2.3491
710.6071 2.3523
708.3699 2.3554
706.1537 2.3585
703.9582 2.3617
701.7832 2.3648
699.6285 2.3680
697.4938 2.3711
695.3789 2.3742
693.2836 2.3774
691.2077 2.3805
689.1510 2.3837
687.1132 2.3868
685.0942 2.3899
683.0937 2.3931
681.1115 2.3962
679.1475 2.3993
677.2014 2.4025
675.2731 2.4056
673.3623 2.4088
671.4690 2.4119
669.5928 2.4150
667.7336 2.4182
665.8913 2.4213
664.0656 2.4245
662.2564 2.4276
660.4635 2.4307
658.6868 2.4339
656.9261 2.4370
655.1812 2.4401
653.4520 2.4433
651.7382 2.4464
650.0398 2.4496
648.3567 2.4527
646.6885 2.4558
645.0353 2.4590
643.3968 2.4621
641.7729 2.4653
640.1635 2.4684
638.5684 2.4715
636.9875 2.4747
635.4207 2.4778
633.8678 2.4809
632.3286 2.4841
630.8032 2.4872
629.2912 2.4904
627.7926 2.4935
626.3073 2.4966
624.8352 2.4998
623.3761 2.5029
621.9299 2.5061
620.4965 2.5092
619.0758 2.5123
617.6676 2.5155
616.2719 2.5186
614.8885 2.5217
613.5174 2.5249
612.1583 2.5280
610.8113 2.5312
609.4762 2.5343
608.1529 2.5374
606.8412 2.5406
605.5412 2.5437
604.2527 2.5469
602.9756 2.5500
601.7097 2.5531
600.4551 2.5563
599.2116 2.5594
597.9791 2.5625
596.7576 2.5657
595.5468 2.5688
594.3468 2.5720
593.1575 2.5751
591.9788 2.5782
590.8105 2.5814
589.6526 2.5845
588.5050 2.5877
587.3677 2.5908
586.2405 2.5939
585.1234 2.5971
584.0163 2.6002
582.9191 2.6033
581.8317 2.6065
580.7541 2.6096
579.6862 2.6128
578.6279 2.6159
577.5791 2.6190
576.5398 2.6222
575.5098 2.6253
574.4892 2.6285
573.4779 2.6316
572.4757 2.6347
571.4827 2.6379
570.4986 2.6410
569.5236 2.6441
568.5575 2.6473
567.6003 2.6504
566.6518 2.6536
565.7121 2.6567
564.7810 2.6598
563.8585 2.6630
562.9446 2.6661
562.0392 2.6693
561.1422 2.6724
560.2535 2.6755
559.3732 2.6787
558.5011 2.6818
557.6373 2.6849
556.7815 2.6881
555.9339 2.6912
555.0943 2.6944
554.2627 2.6975
553.4390 2.7006
552.6232 2.7038
551.8152 2.7069
551.0150 2.7101
550.2225 2.7132
549.4377 2.7163
548.6606 2.7195
547.8910 2.7226
547.1289 2.7257
546.3744 2.7289
545.6273 2.7320
544.8876 2.7352
544.1552 2.7383
543.4302 2.7414
542.7124 2.7446
542.0019 2.7477
541.2985 2.7509
540.6023 2.7540
539.9132 2.7571
539.2311 2.7603
538.5561 2.7634
537.8880 2.7665
537.2269 2.7697
536.5727 2.7728
535.9253 2.7760
535.2848 2.7791
534.6511 2.7822
534.0241 2.7854
533.4038 2.7885
532.7902 2.7917
532.1833 2.7948
531.5830 2.7979
530.9892 2.8011
530.4020 2.8042
529.8213 2.8073
529.2471 2.8105
528.6793 2.8136
528.1179 2.8168
527.5629 2.8199
527.0143 2.8230
526.4720 2.8262
525.9360 2.8293
525.4062 2.8325
524.8827 2.8356
524.3654 2.8387
523.8542 2.8419
523.3492 2.8450
522.8503 2.8481
522.3575 2.8513
521.8708 2.8544
521.3901 2.8576
520.9154 2.8607
520.4467 2.8638
519.9839 2.8670
519.5271 2.8701
519.0762 2.8733
518.6312 2.8764
518.1921 2.8795
517.7587 2.8827
517.3313 2.8858
516.9095 2.8889
516.4936 2.8921
516.0834 2.8952
515.6790 2.8984
515.2802 2.9015
514.8871 2.9046
514.4997 2.9078
514.1180 2.9109
513.7418 2.9141
513.3713 2.9172
513.0063 2.9203
512.6469 2.9235
512.2931 2.9266
511.9448 2.9297
511.6020 2.9329
511.2647 2.9360
510.9328 2.9392
510.6064 2.9423
510.2855 2.9454
509.9700 2.9486
509.6598 2.9517
509.3551 2.9549
509.0558 2.9580
508.7618 2.9611
508.4731 2.9643
508.1898 2.9674
507.9118 2.9705
507.6391 2.9737
507.3717 2.9768
507.1096 2.9800
506.8527 2.9831
506.6010 2.9862
506.3547 2.9894
506.1135 2.9925
505.8775 2.9957
505.6468 2.9988
505.4212 3.0019
505.2008 3.0051
504.9855 3.0082
504.7755 3.0113
504.5705 3.0145
504.3707 3.0176
504.1760 3.0208
503.9864 3.0239
503.8020 3.0270
503.6226 3.0302
503.4483 3.0333
503.2791 3.0365
503.1149 3.0396
502.9558 3.0427
502.8018 3.0459
502.6528 3.0490
502.5088 3.0521
502.3699 3.0553
502.2360 3.0584
502.1071 3.0616
501.9832 3.0647
501.8644 3.0678
501.7505 3.0710
501.6416 3.0741
501.5377 3.0773
501.4388 3.0804
501.3448 3.0835
501.2558 3.0867
501.1718 3.0898
501.0928 3.0929
501.0187 3.0961
500.9496 3.0992
500.8854 3.1024
500.8262 3.1055
500.7719 3.1086
500.7225 3.1118
500.6781 3.1149
500.6387 3.1181
500.6042 3.1212
500.5746 3.1243
500.5499 3.1275
500.5302 3.1306
500.5154 3.1337
500.5055 3.1369
500.5006 3.1400
500.5006 -3.1400
500.5055 -3.1369
500.5154 -3.1337
500.5302 -3.1306
500.5499 -3.1275
500.5746 -3.1243
500.6042 -3.1212
500.6387 -3.1181
500.6781 -3.1149
500.7225 -3.1118
500.7719 -3.1086
500.8262 -3.1055
500.8854 -3.1024
500.9496 -3.0992
501.0187 -3.0961
501.0928 -3.0929
501.1718 -3.0898
501.2558 -3.0867
501.3448 -3.0835
501.4388 -3.0804
501.5377 -3.0773
501.6416 -3.0741
501.7505 -3.0710
501.8644 -3.0678
501.9832 -3.0647
502.1071 -3.0616
502.2360 -3.0584
502.3699 -3.0553
502.5088 -3.0521
502.6528 -3.0490
502.8018 -3.0459
502.9558 -3.0427
503.1149 -3.0396
503.2791 -3.0365
503.4483 -3.0333
503.6226 -3.0302
503.8020 -3.0270
503.9864 -3.0239
504.1760 -3.0208
504.3707 -3.0176
504.5705 -3.0145
504.7755 -3.0113
504.9855 -3.0082
505.2008 -3.0051
505.4212 -3.0019
505.6468 -2.9988
505.8775 -2.9957
506.1135 -2.9925
506.3547 -2.9894
506.6010 -2.9862
506.8527 -2.9831
507.1096 -2.9800
507.3717 -2.9768
507.6391 -2.9737
507.9118 -2.9705
508.1898 -2.9674
508.4731 -2.9643
508.7618 -2.9611
509.0558 -2.9580
509.3551 -2.9549
509.6598 -2.9517
509.9700 -2.9486
510.2855 -2.9454
510.6064 -2.9423
510.9328 -2.9392
511.2647 -2.9360
511.6020 -2.9329
511.9448 -2.9297
512.2931 -2.9266
512.6469 -2.9235
513.0063 -2.9203
513.3713 -2.9172
513.7418 -2.9141
514.1180 -2.9109
514.4997 -2.9078
514.8871 -2.9046
515.2802 -2.9015
515.6790 -2.8984
516.0834 -2.8952
516.4936 -2.8921
516.9095 -2.8889
517.3313 -2.8858
517.7587 -2.8827
518.1921 -2.8795
518.6312 -2.8764
519.0762 -2.8733
519.5271 -2.8701
519.9839 -2.8670
520.4467 -2.8638
520.9154 -2.8607
521.3901 -2.8576
521.8708 -2.8544
522.3575 -2.8513
522.8503 -2.8481
523.3492 -2.8450
523.8542 -2.8419
524.3654 -2.8387
524.8827 -2.8356
525.4062 -2.8325
525.9360 -2.8293
526.4720 -2.8262
527.0143 -2.8230
527.5629 -2.8199
528.1179 -2.8168
528.6793 -2.8136
529.2471 -2.8105
529.8213 -2.8073
530.4020 -2.8042
530.9892 -2.8011
531.5830 -2.7979
532.1833 -2.7948
532.7902 -2.7917
533.4038 -2.7885
534.0241 -2.7854
534.6511 -2.7822
535.2848 -2.7791
535.9253 -2.7760
536.5727 -2.7728
537.2269 -2.7697
537.8880 -2.7665
538.5561 -2.7634
539.2311 -2.7603
539.9132 -2.7571
540.6023 -2.7540
541.2985 -2.7509
542.0019 -2.7477
542.7124 -2.7446
543.4302 -2.7414
544.1552 -2.7383
544.8876 -2.7352
545.6273 -2.7320
546.3744 -2.7289
547.1289 -2.7257
547.8910 -2.7226
548.6606 -2.7195
549.4377 -2.7163
550.2225 -2.7132
551.0150 -2.7101
551.8152 -2.7069
552.6232 -2.7038
553.4390 -2.7006
554.2627 -2.6975
555.0943 -2.6944
555.9339 -2.6912
556.7815 -2.6881
557.6373 -2.6849
558.5011 -2.6818
559.3732 -2.6787
560.2535 -2.6755
561.1422 -2.6724
562.0392 -2.6693
562.9446 -2.6661
563.8585 -2.6630
564.7810 -2.6598
565.7121 -2.6567
566.6518 -2.6536
567.6003 -2.6504
568.5575 -2.6473
569.5236 -2.6441
570.4986 -2.6410
571.4827 -2.6379
572.4757 -2.6347
573.4779 -2.6316
574.4892 -2.6285
575.5098 -2.6253
576.5398 -2.6222
577.5791 -2.6190
578.6279 -2.6159
579.6862 -2.6128
580.7541 -2.6096
581.8317 -2.6065
582.9191 -2.6033
584.0163 -2.6002
585.1234 -2.5971
586.2405 -2.5939
587.3677 -2.5908
588.5050 -2.5877
589.6526 -2.5845
590.8105 -2.5814
591.9788 -2.5782
593.1575 -2.5751
594.3468 -2.5720
595.5468 -2.5688
596.7576 -2.5657
597.9791 -2.5625
599.2116 -2.5594
600.4551 -2.5563
601.7097 -2.5531
602.9756 -2.5500
604.2527 -2.5469
605.5412 -2.5437
606.8412 -2.5406
608.1529 -2.5374
609.4762 -2.5343
610.8113 -2.5312
612.1583 -2.5280
613.5174 -2.5249
614.8885 -2.5217
616.2719 -2.5186
617.6676 -2.5155
619.0758 -2.5123
620.4965 -2.5092
621.9299 -2.5061
623.3761 -2.5029
624.8352 -2.4998
626.3073 -2.4966
627.7926 -2.4935
629.2912 -2.4904
630.8032 -2.4872
632.3286 -2.4841
633.8678 -2.4809
635.4207 -2.4778
636.9875 -2.4747
638.5684 -2.4715
640.1635 -2.4684
641.7729 -2.4653
643.3968 -2.4621
645.0353 -2.4590
646.6885 -2.4558
648.3567 -2.4527
650.0398 -2.4496
651.7382 -2.4464
653.4520 -2.4433
655.1812 -2.4401
656.9261 -2.4370
658.6868 -2.4339
660.4635 -2.4307
662.2564 -2.4276
664.0656 -2.4245
665.8913 -2.4213
667.7336 -2.4182
669.5928 -2.4150
671.4690 -2.4119
673.3623 -2.4088
675.2731 -2.4056
677.2014 -2.4025
679.1475 -2.3993
681.1115 -2.3962
683.0937 -2.3931
685.0942 -2.3899
687.1132 -2.3868
689.1510 -2.3837
691.2077 -2.3805
693.2836 -2.3774
695.3789 -2.3742
697.4938 -2.3711
699.6285 -2.3680
701.7832 -2.3648
703.9582 -2.3617
706.1537 -2.3585
708.3699 -2.3554
710.6071 -2.3523
712.8655 -2.3491
715.1454 -2.3460
717.4470 -2.3429
719.7706 -2.3397
722.1165 -2.3366
724.4848 -2.3334
726.8759 -2.3303
729.2900 -2.3272
731.7275 -2.3240
734.1885 -2.3209
736.6735 -2.3177
739.1826 -2.3146
741.7162 -2.3115
744.2746 -2.3083
746.8581 -2.3052
749.4670 -2.3021
752.1017 -2.2989
754.7623 -2.2958
757.4494 -2.2926
760.1631 -2.2895
762.9040 -2.2864
765.6722 -2.2832
768.4682 -2.2801
771.2923 -2.2769
774.1449 -2.2738
777.0264 -2.2707
779.9371 -2.2675
782.8774 -2.2644
785.8477 -2.2613
788.8485 -2.2581
791.8801 -2.2550
794.9430 -2.2518
798.0375 -2.2487
801.1642 -2.2456
804.3234 -2.2424
807.5156 -2.2393
810.7412 -2.2361
814.0008 -2.2330
817.2948 -2.2299
820.6236 -2.2267
823.9879 -2.2236
827.3880 -2.2205
830.8245 -2.2173
834.2979 -2.2142
837.8088 -2.2110
841.3577 -2.2079
844.9451 -2.2048
848.5717 -2.2016
852.2379 -2.1985
855.9444 -2.1953
859.6919 -2.1922
863.4808 -2.1891
867.3118 -2.1859
871.1856 -2.1828
875.1028 -2.1797
879.0641 -2.1765
883.0702 -2.1734
887.1217 -2.1702
891.2194 -2.1671
895.3640 -2.1640
899.5562 -2.1608
903.7968 -2.1577
908.0866 -2.1545
912.4263 -2.1514
916.8168 -2.1483
921.2588 -2.1451
925.7533 -2.1420
930.3010 -2.1389
934.9029 -2.1357
939.5598 -2.1326
944.2727 -2.1294
949.0425 -2.1263
953.8702 -2.1232
958.7568 -2.1200
963.7032 -2.1169
968.7106 -2.1137
973.7798 -2.1106
978.9121 -2.1075
984.1086 -2.1043
989.3702 -2.1012
994.6983 -2.0981
1000.0941 -2.0949
1005.5586 -2.0918
1011.0932 -2.0886
1016.6991 -2.0855
1022.3776 -2.0824
1028.1302 -2.0792
1033.9580 -2.0761
1039.8626 -2.0729
1045.8454 -2.0698
1051.9079 -2.0667
1058.0515 -2.0635
1064.2779 -2.0604
1070.5886 -2.0573
1076.9852 -2.0541
1083.4695 -2.0510
1090.0432 -2.0478
1096.7079 -2.0447
1103.4656 -2.0416
1110.3181 -2.0384
1117.2673 -2.0353
1124.3152 -2.0321
1131.4638 -2.0290
1138.7152 -2.0259
1146.0714 -2.0227
1153.5348 -2.0196
1161.1075 -2.0165
1168.7919 -2.0133
1176.5904 -2.0102
1184.5053 -2.0070
1192.5393 -2.0039
1200.6950 -2.0008
1208.9749 -1.9976
1217.3819 -1.9945
1225.9188 -1.9913
1234.5886 -1.9882
1243.3941 -1.9851
1252.3386 -1.9819
1261.4252 -1.9788
1270.6573 -1.9757
1280.0382 -1.9725
1289.5714 -1.9694
1299.2606 -1.9662
1309.1095 -1.9631
1319.1219 -1.9600
1329.3019 -1.9568
1339.6535 -1.9537
1350.1810 -1.9505
1360.8888 -1.9474
1371.7814 -1.9443
1382.8635 -1.9411
1394.1399 -1.9380
1405.6158 -1.9349
1417.2962 -1.9317
1429.1865 -1.9286
1441.2924 -1.9254
1453.6195 -1.9223
1466.1739 -1.9192
1478.9617 -1.9160
1491.9894 -1.9129
1505.2636 -1.9097
1518.7912 -1.9066
1532.5794 -1.9035
1546.6356 -1.9003
1560.9676 -1.8972
1575.5833 -1.8941
1590.4911 -1.8909
1605.6997 -1.8878
1621.2181 -1.8846
1637.0556 -1.8815
1653.2221 -1.8784
1669.7276 -1.8752
1686.5829 -1.8721
1703.7988 -1.8689
1721.3870 -1.8658
1739.3594 -1.8627
1757.7285 -1.8595
1776.5075 -1.8564
1795.7099 -1.8533
1815.3501 -1.8501
1835.4429 -1.8470
1856.0040 -1.8438
1877.0496 -1.8407
1898.5969 -1.8376
1920.6638 -1.8344
1943.2690 -1.8313
1966.4323 -1.8281
1990.1743 -1.8250
2014.5167 -1.8219
2039.4822 -1.8187
2065.0950 -1.8156
2091.3800 -1.8125
2118.3640 -1.8093
2146.0748 -1.8062
2174.5419 -1.8030
2203.7963 -1.7999
2233.8710 -1.7968
2264.8004 -1.7936
2296.6213 -1.7905
2329.3724 -1.7873
2363.0946 -1.7842
2397.8316 -1.7811
2433.6295 -1.7779
2470.5371 -1.7748
2508.6064 -1.7717
2547.8929 -1.7685
2588.4554 -1.7654
2630.3565 -1.7622
2673.6634 -1.7591
2718.4474 -1.7560
2764.7849 -1.7528
2812.7576 -1.7497
2862.4533 -1.7465
2913.9658 -1.7434
2967.3960 -1.7403
3022.8526 -1.7371
3080.4524 -1.7340
3140.3214 -1.7309
3202.5959 -1.7277
3267.4231 -1.7246
3334.9625 -1.7214
3405.3872 -1.7183
3478.8854 -1.7152
3555.6620 -1.7120
3635.9406 -1.7089
3719.9653 -1.7057
3808.0039 -1.7026
3900.3500 -1.6995
3997.3266 -1.6963
4099.2899 -1.6932
4206.6336 -1.6901
4319.7941 -1.6869
4439.2558 -1.6838
4565.5591 -1.6806
4699.3075 -1.6775
4841.1778 -1.6744
4991.9316 -1.6712
5152.4284 -1.6681
5323.6425 -1.6649
5506.6827 -1.6618
5702.8160 -1.6587
5913.4972 -1.6555
6140.4048 -1.6524
6385.4862 -1.6493
6651.0129 -1.6461
6939.6517 -1.6430
7254.5543 -1.6398
7599.4726 -1.6367
7978.9090 -1.6336
8398.3137 -1.6304
8864.3482 -1.6273
9385.2410 -1.6242
9971.2783 -1.6210
10635.4888 -1.6179
11394.6240 -1.6147
12270.5896 -1.6116
13292.5931 -1.6085
14500.4631 -1.6053
15949.9595 -1.6022
17721.6244 -1.5990
19936.2711 -1.5959
22783.7487 -1.5928
26580.4729 -1.5896
31895.9915 -1.5865
39869.4003 -1.5834
53158.5895 -1.5802
79737.2297 -1.5771
159473.6739 -1.5739
